P2
25 200
255
7 9 13 17 21 23 25 27 29 27 27 25 21 21 23 23 19 17 17 19 21 25 33 37 41 
5 7 11 13 17 21 23 25 27 27 27 25 23 23 25 25 25 23 21 21 21 27 33 39 39 
63 1 5 7 11 15 19 23 23 25 25 25 25 25 29 29 33 31 27 25 25 29 35 39 39 
61 61 63 1 3 7 13 17 19 19 21 23 25 27 31 33 37 37 35 33 33 35 37 39 41 
55 55 57 57 59 63 5 7 11 13 17 19 23 27 31 35 37 39 41 41 41 41 41 41 43 
49 49 51 51 53 55 61 1 7 9 11 15 19 23 27 31 35 37 43 45 45 45 45 43 45 
43 45 45 47 49 53 57 59 3 5 7 9 13 17 21 23 27 31 37 41 43 45 45 45 45 
39 39 43 45 47 51 55 59 3 5 7 7 9 11 15 17 21 25 29 35 37 41 43 43 45 
35 35 37 41 43 49 53 57 1 3 7 9 9 7 9 11 17 19 21 25 29 33 37 39 43 
33 33 35 37 41 47 53 55 61 1 5 9 9 11 15 17 17 17 17 17 19 25 29 33 35 
29 31 33 35 39 43 49 53 57 61 3 7 9 13 19 23 21 19 13 11 11 15 19 23 25 
27 29 31 33 37 41 45 49 53 57 63 5 9 15 21 27 27 23 17 11 7 7 9 11 15 
27 27 31 33 35 39 43 47 49 53 61 1 5 13 21 25 29 25 19 13 7 3 1 63 3 
25 27 29 31 33 37 43 45 47 51 57 63 3 9 15 21 25 25 23 19 13 5 63 59 57 
23 25 29 31 33 37 41 43 45 49 55 61 63 5 11 15 21 23 25 23 21 13 7 3 59 
23 25 27 31 33 35 39 43 45 47 53 59 63 3 9 13 17 21 25 27 25 19 13 9 61 
17 19 23 27 31 35 37 39 41 45 49 53 57 61 5 11 13 21 27 25 25 27 23 15 7 
17 17 21 23 29 33 35 37 37 41 47 51 53 59 1 5 13 21 27 27 27 29 27 21 15 
15 17 17 21 25 27 31 33 35 37 41 45 49 53 59 61 7 15 23 25 27 31 31 27 21 
15 15 17 17 21 25 27 29 33 35 37 41 43 47 51 55 63 5 13 17 21 27 27 27 23 
17 17 17 17 19 21 23 27 31 33 35 37 39 41 45 47 53 61 1 7 11 15 19 19 19 
17 17 17 17 19 19 21 23 27 29 31 33 35 37 39 39 47 49 55 59 63 3 7 9 9 
17 17 17 17 17 19 19 19 23 23 25 27 31 33 35 35 39 41 43 47 51 53 57 59 61 
17 17 17 17 17 17 17 17 19 19 21 25 27 29 31 31 33 33 37 39 41 43 47 49 49 
21 19 19 19 19 19 19 19 17 17 19 21 21 23 25 25 27 27 29 33 35 37 37 39 41 
21 21 19 19 19 19 19 17 17 17 17 19 21 21 21 23 25 25 27 27 29 31 31 31 33 
27 25 23 21 21 21 19 19 17 17 19 19 19 19 19 21 21 21 21 23 23 23 25 25 25 
33 29 29 27 25 23 23 21 19 19 19 19 19 19 19 19 21 21 21 21 21 21 21 21 23 
39 37 33 31 27 25 23 23 23 23 23 21 19 19 19 19 21 21 21 21 21 21 21 21 23 
47 43 39 35 31 29 27 25 25 25 23 23 21 21 19 19 21 21 21 21 21 21 21 21 21 
53 49 45 41 37 35 31 31 29 27 27 27 25 23 23 23 21 23 23 21 21 21 21 21 21 
59 55 49 45 41 39 37 35 33 31 31 31 29 29 29 29 23 23 23 23 21 21 21 21 21 
5 3 61 55 49 43 39 37 37 39 37 35 35 39 39 35 29 27 25 23 23 23 21 21 21 
11 9 3 61 57 51 45 43 43 45 45 45 47 49 47 43 35 33 29 27 25 25 23 21 23 
19 17 13 7 1 59 53 51 51 53 55 59 63 1 63 57 47 41 33 27 27 25 25 23 23 
23 21 19 13 9 1 59 55 57 57 61 3 11 15 15 13 63 53 41 31 27 27 27 27 25 
23 23 21 17 13 7 1 61 61 59 63 5 15 23 27 29 21 7 55 39 31 29 29 29 27 
19 19 21 19 17 11 5 1 63 61 61 3 11 19 29 35 35 23 5 51 39 31 29 29 29 
13 15 17 17 17 13 7 3 61 59 57 61 3 9 21 29 33 25 13 61 45 35 31 31 31 
7 9 13 15 15 11 7 3 59 55 55 57 59 63 11 21 21 19 13 63 49 39 35 33 33 
9 9 9 11 11 9 5 1 59 57 53 51 53 57 61 63 3 3 3 61 49 41 37 35 35 
11 11 11 11 11 9 3 1 57 55 51 49 49 51 53 53 55 55 55 51 45 39 37 35 33 
13 13 11 11 11 7 1 63 57 53 51 47 47 45 45 45 43 43 43 43 39 37 35 35 31 
15 13 13 11 9 5 63 59 57 55 51 49 47 45 43 41 39 37 37 37 37 37 35 33 29 
15 13 11 9 7 3 61 57 57 55 51 49 47 45 43 41 37 33 33 33 35 35 33 31 31 
13 13 9 7 5 1 61 57 55 53 51 49 47 45 43 41 33 31 31 31 33 33 33 33 33 
11 11 9 5 5 1 59 57 53 53 49 47 47 45 43 41 33 31 31 31 31 31 33 33 33 
11 9 7 5 3 1 59 57 55 53 49 47 47 45 43 41 37 35 35 31 31 31 29 31 31 
7 7 5 3 1 63 61 59 53 51 51 47 45 43 41 41 39 35 33 33 31 31 31 31 29 
5 5 5 3 1 63 61 59 55 53 51 49 47 45 43 41 39 37 37 35 33 33 31 31 27 
3 3 1 1 63 63 61 61 57 57 55 51 49 47 45 43 43 41 41 39 37 35 33 31 29 
1 1 1 63 63 63 63 63 61 59 59 55 53 51 49 47 47 45 45 43 43 39 35 33 33 
63 63 63 63 63 63 63 63 63 63 61 59 57 55 53 53 51 49 49 47 47 43 39 37 35 
61 61 61 61 61 63 63 63 1 1 63 61 59 59 57 57 53 53 51 51 49 45 43 39 37 
59 59 59 59 59 61 61 63 1 63 63 61 61 59 59 57 55 53 53 51 51 47 45 43 39 
57 57 57 57 57 59 59 61 63 63 63 61 61 59 59 59 57 55 53 53 51 49 47 45 43 
57 57 57 57 57 57 57 57 59 59 59 59 59 57 55 55 55 55 53 53 51 49 49 49 43 
55 55 55 55 55 55 55 55 57 57 57 57 57 55 55 55 53 53 53 51 49 49 49 49 45 
55 55 55 55 55 55 55 55 55 55 55 55 55 53 53 53 51 51 51 49 49 47 47 47 45 
57 57 57 55 55 55 55 57 53 53 53 53 53 53 53 53 49 49 49 47 47 47 45 45 45 
59 59 59 57 57 57 57 57 55 53 53 53 53 53 53 53 49 49 47 47 45 45 45 45 45 
63 63 61 59 57 57 57 57 57 55 55 53 53 53 53 53 49 49 47 45 45 43 43 43 41 
5 3 1 63 61 61 59 59 57 57 55 53 53 53 51 51 49 49 47 45 43 43 41 41 41 
9 9 7 5 1 63 63 63 59 57 55 53 53 51 51 51 51 49 47 45 43 41 41 41 39 
13 13 11 9 7 5 1 63 59 57 55 53 53 53 53 53 53 53 51 47 45 43 41 41 41 
19 17 15 13 11 9 5 3 61 59 57 55 55 55 53 53 55 53 51 49 47 43 41 41 39 
25 23 21 19 17 13 9 7 3 1 59 57 57 55 55 53 55 55 53 51 49 45 43 41 39 
31 29 25 21 19 15 13 9 7 5 63 61 59 57 55 55 55 55 55 53 51 49 45 43 43 
33 31 27 25 21 19 15 13 11 7 3 1 61 59 57 57 57 57 57 55 53 51 47 47 45 
37 35 31 27 23 21 17 15 13 9 5 3 1 63 61 59 59 59 59 57 55 53 51 49 47 
37 35 31 27 25 23 19 17 13 11 5 3 1 1 63 61 61 61 59 57 57 55 53 53 51 
37 33 29 27 23 21 19 17 13 11 7 3 3 1 63 63 63 63 61 59 57 55 55 53 53 
35 31 27 25 23 19 17 15 11 9 7 3 1 63 63 63 61 61 61 59 57 55 55 55 55 
29 27 23 21 19 17 15 13 9 7 5 1 63 63 63 63 61 61 61 59 59 57 57 55 57 
19 19 17 17 15 13 11 9 5 5 1 63 63 61 61 61 61 61 61 59 59 59 59 59 57 
11 11 11 11 9 9 5 3 1 1 63 61 61 61 61 61 61 61 61 61 61 61 61 61 59 
5 5 3 3 3 1 63 61 61 61 59 59 59 59 59 59 59 59 61 61 61 61 63 63 59 
1 63 63 63 61 61 59 57 59 59 57 57 57 57 57 57 59 59 59 61 61 63 63 63 61 
61 59 59 57 57 57 55 55 57 57 57 57 57 57 57 57 59 59 59 61 61 63 63 63 63 
59 57 55 55 55 55 55 55 57 57 57 57 57 57 57 55 59 59 59 61 61 61 63 63 1 
59 59 57 57 55 57 57 57 57 57 57 55 53 53 55 57 61 61 63 63 63 63 1 3 63 
61 59 59 57 57 57 57 57 57 57 57 55 55 55 57 57 61 63 1 3 3 3 3 5 3 
63 61 59 59 57 57 57 57 55 55 57 55 55 57 57 59 63 1 5 7 7 5 5 5 7 
61 61 59 57 55 55 55 55 53 55 55 55 55 57 59 61 1 3 7 11 11 11 9 9 11 
61 59 57 55 55 53 53 53 53 53 55 55 55 57 59 61 1 5 9 13 15 13 13 13 13 
61 59 57 55 55 53 53 53 53 55 55 55 55 57 59 61 3 7 11 15 17 17 17 19 19 
63 61 59 59 57 57 57 57 57 57 57 59 59 59 63 1 3 7 13 17 19 21 23 23 23 
63 63 61 59 59 59 59 59 57 59 59 59 59 61 63 1 5 9 13 17 21 23 25 27 27 
1 1 63 63 61 61 63 63 63 63 63 63 1 3 7 7 11 13 15 19 23 27 29 31 31 
5 3 3 3 3 5 5 5 7 7 7 7 9 11 11 13 15 17 19 23 25 29 31 33 33 
9 9 9 9 11 13 13 15 17 17 17 19 19 19 19 19 21 21 23 25 29 31 33 33 35 
11 13 13 15 17 19 21 23 25 27 27 27 27 25 25 23 23 25 25 27 29 29 31 31 33 
15 17 17 19 23 25 29 31 33 33 33 35 33 31 29 27 27 27 29 29 29 29 31 31 31 
19 21 21 23 27 31 33 35 37 37 37 37 37 35 33 31 31 31 31 31 31 31 31 31 29 
23 23 25 27 29 33 35 37 37 37 37 37 37 35 33 33 31 31 31 31 31 31 29 29 27 
21 23 23 25 27 31 33 35 35 33 33 33 33 31 33 31 31 31 29 29 29 29 29 27 27 
23 21 21 21 25 27 29 29 29 31 27 27 25 25 25 25 25 25 25 23 25 25 25 25 25 
25 23 21 21 21 23 23 23 23 23 21 21 19 19 19 19 17 17 17 17 19 19 21 21 23 
25 23 21 19 19 19 17 17 15 15 13 11 11 11 9 9 7 9 9 9 11 13 13 15 19 
25 23 21 19 17 15 13 13 11 9 9 7 5 5 5 5 3 3 3 3 5 7 7 9 11 
25 23 21 17 17 15 13 11 9 9 7 5 3 1 1 1 63 63 63 63 1 1 3 3 5 
25 23 21 19 17 15 13 11 9 9 7 3 1 63 63 61 61 61 61 61 61 61 61 63 1 
27 27 23 21 19 17 15 13 11 9 7 5 1 63 61 61 59 61 61 61 61 61 61 61 63 
31 29 25 23 21 17 15 13 13 11 9 5 3 63 61 61 61 61 61 61 61 63 63 63 63 
29 27 25 23 21 19 17 15 15 15 11 9 5 1 63 61 61 61 61 61 61 63 63 63 61 
29 27 25 23 21 19 17 15 17 15 13 9 7 3 1 63 61 63 61 63 63 63 63 1 63 
29 27 25 23 21 19 17 15 17 17 15 11 9 7 5 3 1 1 1 1 1 1 1 1 1 
27 27 25 23 21 19 17 15 19 17 15 13 11 9 7 7 3 3 3 5 5 5 5 7 7 
27 25 23 21 19 17 15 15 17 17 15 15 13 11 9 9 7 7 7 9 9 9 11 11 11 
25 23 23 21 19 17 15 15 15 15 15 13 13 11 11 9 9 9 11 13 15 15 17 17 17 
23 23 21 19 17 15 15 13 13 13 13 13 11 11 11 9 9 11 13 17 19 21 23 23 25 
23 21 21 19 17 15 13 13 13 13 11 11 11 11 9 9 11 13 15 19 23 25 27 27 31 
21 21 19 19 17 15 15 13 13 13 11 9 9 9 7 7 11 13 15 17 21 23 27 31 31 
21 19 19 17 17 15 13 13 11 11 9 7 7 7 5 7 9 11 15 19 21 25 29 31 35 
21 21 21 19 17 15 13 13 11 11 9 7 7 7 7 7 7 11 13 17 21 25 29 31 35 
25 25 23 21 19 17 15 15 13 11 11 9 7 7 7 7 7 9 13 17 19 23 27 31 35 
29 29 27 25 23 19 17 17 13 13 11 9 9 7 7 7 5 7 11 13 17 21 25 27 31 
33 33 31 29 25 23 21 19 15 13 13 11 9 9 9 9 7 9 11 13 15 19 21 23 27 
39 39 37 35 31 29 27 25 19 17 17 15 13 11 11 11 11 13 15 15 15 17 19 21 23 
45 43 41 39 37 33 31 29 23 23 21 19 17 15 15 15 15 15 17 17 15 17 19 21 23 
53 51 47 43 41 37 35 33 29 29 27 25 23 21 21 21 19 19 19 21 21 23 23 23 25 
59 57 53 51 47 45 41 39 35 33 31 29 27 25 25 25 23 23 25 25 25 27 27 27 29 
131 129 61 57 53 49 45 43 39 37 35 31 29 29 29 29 29 29 29 29 31 31 33 33 33 
137 133 129 63 57 53 49 47 45 43 39 35 33 31 33 33 31 31 33 33 35 37 39 39 39 
143 139 135 131 129 61 57 53 51 49 45 41 37 35 37 37 33 33 33 35 37 39 41 43 43 
145 143 139 135 133 129 61 59 55 53 49 45 41 39 39 39 35 35 35 37 39 41 43 45 45 
153 151 147 143 141 137 133 131 61 59 55 51 47 43 41 41 41 41 39 39 41 41 43 43 47 
163 161 157 153 151 147 145 141 133 131 63 59 55 53 49 49 45 45 43 41 41 43 43 43 47 
173 173 171 171 167 163 157 153 149 145 139 135 131 63 59 53 53 49 47 43 43 43 45 47 49 
185 185 183 181 179 175 171 167 161 157 153 147 143 139 135 131 63 61 57 53 51 51 53 53 55 
191 191 191 191 189 187 183 179 175 169 163 159 157 153 147 143 137 135 131 129 63 61 61 61 61 
129 129 129 129 129 129 189 187 183 179 173 169 167 165 159 157 151 149 145 143 139 137 137 137 137 
133 133 133 133 135 133 131 131 189 185 181 179 177 175 171 169 165 163 161 159 155 153 151 151 149 
135 135 135 137 137 137 137 135 129 189 187 185 183 183 179 177 177 175 173 171 169 167 165 165 163 
139 139 139 141 141 141 141 139 135 133 129 191 189 189 185 183 185 183 183 181 181 179 177 175 173 
147 145 145 147 147 147 147 145 143 141 137 135 133 131 129 191 191 191 191 191 189 187 185 185 181 
153 153 153 153 153 151 149 147 145 143 143 141 141 139 135 133 133 133 133 133 133 133 131 129 191 
153 153 153 153 153 153 149 147 147 145 145 143 143 143 141 139 139 137 137 137 137 137 135 133 133 
155 153 153 153 153 153 149 147 147 147 145 143 145 145 145 145 143 141 141 141 141 141 139 137 137 
155 153 153 153 153 151 149 147 147 145 143 143 143 145 145 145 145 143 143 143 143 143 141 139 139 
155 153 153 151 151 151 149 147 149 147 143 143 143 145 145 145 145 145 143 143 143 143 141 139 141 
157 155 153 151 151 151 149 147 149 149 147 145 147 147 147 145 147 145 145 143 143 141 139 137 137 
157 157 155 153 153 151 149 149 151 149 149 149 149 149 149 147 149 147 145 143 141 139 135 131 129 
159 157 155 155 153 153 151 149 149 149 149 151 153 151 151 151 149 147 145 141 139 135 129 189 185 
161 159 159 157 155 153 153 151 153 153 151 151 151 151 149 149 147 145 141 137 133 129 187 183 181 
161 161 159 157 157 155 153 153 153 153 153 153 153 153 151 149 143 143 139 137 133 129 189 187 187 
159 159 159 157 157 155 155 153 153 153 153 155 155 155 153 149 145 143 141 139 137 135 133 133 129 
155 155 155 155 155 153 153 153 155 155 155 157 157 155 151 149 149 147 143 141 141 143 143 141 137 
155 155 155 155 155 155 155 155 157 157 157 157 157 155 151 147 149 145 141 139 139 141 141 141 141 
155 157 157 157 157 159 159 159 161 159 159 159 157 155 151 147 145 141 137 135 135 135 133 133 133 
157 157 159 159 161 161 163 163 163 161 159 159 159 157 153 151 147 145 141 137 133 133 131 129 191 
157 159 159 161 161 163 165 165 163 161 161 159 159 157 155 153 153 151 147 143 137 135 131 129 191 
155 155 157 159 161 163 163 165 161 161 159 159 159 159 157 157 157 155 153 151 147 145 143 141 137 
151 153 153 155 155 157 157 157 155 155 157 157 157 157 159 159 157 157 155 153 151 149 147 147 147 
151 151 151 151 151 151 151 151 151 151 153 153 153 153 155 155 153 153 151 151 149 149 149 149 147 
153 153 153 153 151 151 151 151 153 151 151 151 149 149 147 147 147 147 145 145 143 143 143 143 141 
157 155 155 155 153 155 155 155 153 153 151 151 149 147 147 145 145 145 143 143 141 141 141 141 143 
157 157 155 155 153 155 155 155 153 153 153 151 151 149 149 149 149 149 147 145 145 143 143 143 149 
157 155 153 153 151 151 153 153 151 151 151 151 151 151 149 149 149 149 147 147 145 145 145 145 147 
157 155 153 151 151 151 151 151 149 149 149 149 147 147 147 147 145 145 145 143 143 143 143 143 141 
157 155 155 153 153 151 151 151 151 151 149 147 145 145 143 143 143 143 143 143 141 141 141 141 141 
155 155 155 155 153 153 153 153 153 153 151 149 147 147 145 145 143 143 143 141 141 139 139 139 139 
153 153 153 153 155 155 155 155 155 153 153 151 149 149 149 147 145 145 143 143 141 141 139 139 139 
151 151 151 151 153 153 153 153 153 153 151 151 149 149 149 147 147 145 145 145 143 143 143 143 141 
149 149 149 149 149 149 149 149 149 149 149 149 147 147 147 147 145 145 145 145 145 145 145 145 143 
147 147 147 147 147 147 147 147 147 147 147 147 147 145 145 145 143 143 143 143 145 145 145 145 145 
147 147 147 147 147 147 147 147 145 145 147 147 147 145 145 145 143 143 143 143 143 143 143 143 143 
147 147 147 147 147 147 149 149 145 147 147 147 147 147 145 145 143 143 143 143 143 141 141 141 141 
149 149 149 147 147 147 147 147 147 147 147 147 147 147 145 145 145 145 145 145 143 143 143 143 141 
149 149 149 149 147 147 147 147 147 147 145 145 145 145 145 145 149 149 147 147 147 147 147 147 143 
149 149 149 149 149 147 147 147 147 147 147 145 145 145 145 145 147 147 147 147 147 147 147 147 147 
149 149 149 149 149 147 147 147 147 147 147 147 147 147 147 147 145 145 147 147 147 147 147 147 147 
149 149 149 149 149 149 147 147 147 147 147 147 147 147 147 147 147 147 147 147 149 149 149 149 147 
151 151 151 151 149 149 149 149 149 149 147 147 147 147 147 147 147 147 147 147 149 149 149 149 149 
153 153 153 153 153 151 151 151 151 151 151 151 149 149 149 149 149 149 149 149 149 149 149 149 149 
155 155 155 155 155 153 153 153 153 153 153 153 153 153 153 153 153 153 153 153 153 153 153 153 151 
157 159 159 157 155 155 155 157 157 157 157 157 159 159 159 159 159 159 159 159 159 159 157 157 157 
159 159 159 159 157 157 157 159 161 161 163 163 163 161 161 161 161 163 163 163 163 163 161 161 159 
159 159 161 159 159 159 159 161 165 165 165 165 165 163 161 161 161 161 163 163 163 163 163 163 159 
157 157 159 159 159 159 159 161 163 163 165 163 163 159 157 155 157 157 157 157 159 159 159 159 155 
155 157 159 159 159 159 159 161 159 161 161 159 157 155 153 151 153 153 153 153 155 155 155 155 153 
155 157 159 159 159 159 159 159 157 157 157 155 155 153 151 151 155 153 153 153 153 155 155 155 151 
155 157 159 159 159 157 157 157 157 155 155 153 153 153 153 153 155 153 153 153 153 153 153 153 151 
153 155 157 157 157 155 155 155 155 155 153 151 151 151 153 153 153 153 151 151 149 151 151 151 151 
151 151 153 155 155 153 153 153 153 153 151 151 151 149 149 149 149 149 149 149 149 149 149 149 149 
149 151 151 151 151 151 151 151 151 151 149 149 149 149 149 149 149 149 149 147 147 147 147 147 149 
147 149 149 149 147 147 147 147 149 147 147 147 145 145 145 145 147 147 147 147 145 145 145 145 147 
145 145 147 147 145 143 145 147 145 145 145 145 145 145 145 145 145 145 145 145 145 145 145 145 145 
137 141 145 145 143 143 143 145 145 145 143 143 143 143 143 143 143 143 143 145 145 145 145 145 145 
129 133 141 145 143 143 143 143 143 143 143 141 141 143 143 143 141 141 143 143 143 145 145 145 143 
181 191 137 143 145 143 141 143 143 141 141 141 141 143 143 143 141 143 143 143 143 143 143 143 143 
175 185 133 141 143 141 139 139 141 141 141 141 141 141 141 141 141 141 141 141 141 141 141 141 143 
167 183 135 141 141 139 141 141 141 141 141 141 143 141 141 141 139 139 139 139 139 139 139 139 141 
161 173 185 191 191 191 191 191 189 191 191 191 191 191 191 189 131 129 129 129 191 191 129 129 129 
143 151 159 161 163 165 165 165 163 161 161 161 161 161 161 161 157 155 151 147 145 145 147 147 149 
49 51 53 53 57 59 63 61 59 57 57 53 53 51 51 49 45 41 35 31 27 27 29 31 37 
11 9 7 5 9 17 21 23 17 17 15 11 9 7 5 5 63 61 55 51 49 51 53 55 63 
49 49 43 41 45 53 57 59 57 57 53 51 49 49 47 47 39 37 35 33 33 35 39 41 45 
37 35 35 31 35 39 45 43 43 41 41 41 41 43 45 45 45 43 41 41 41 41 43 45 45 
29 31 29 29 31 33 35 35 31 31 33 33 37 39 43 45 47 45 43 41 39 37 37 37 37 
